alc <-
structure(list(t.SEVRE.AGE.SEXE.EDVNEG = structure(c(8L, 7L, 
71L, 70L, 98L, 95L, 90L, 49L, 54L, 88L, 22L, 91L, 45L, 113L, 
100L, 2L, 123L, 6L, 28L, 21L, 122L, 27L, 118L, 25L, 30L, 120L, 
94L, 10L, 114L, 69L, 24L, 35L, 15L, 37L, 104L, 3L, 110L, 89L, 
11L, 119L, 1L, 116L, 34L, 68L, 56L, 75L, 121L, 105L, 57L, 76L, 
115L, 65L, 46L, 53L, 108L, 17L, 59L, 62L, 12L, 107L, 50L, 23L, 
38L, 36L, 124L, 16L, 20L, 40L, 13L, 9L, 19L, 83L, 55L, 92L, 63L, 
26L, 52L, 43L, 44L, 84L, 18L, 14L, 61L, 111L, 85L, 79L, 97L, 
80L, 125L, 29L, 77L, 73L, 78L, 4L, 117L, 67L, 60L, 112L, 102L, 
48L, 39L, 101L, 109L, 103L, 42L, 82L, 99L, 33L, 72L, 86L, 31L, 
32L, 93L, 41L, 87L, 5L, 64L, 47L, 81L, 66L, 51L, 58L, 106L, 96L, 
74L), .Label = c("104;1;49;1;0", "107;0;56;1;0", "113;1;43;1;0", 
"11;0;46;2;0", "11;1;64;1;0", "120;0;40;1;0", "121;0;52;2;0", 
"121;0;53;1;0", "123;0;60;1;0", "125;0;51;1;0", "127;0;64;1;0", 
"12;1;40;2;0", "131;0;51;1;1", "132;0;65;1;0", "135;0;42;1;0", 
"135;0;45;1;0", "136;0;55;2;0", "137;0;38;1;0", "13;1;42;1;0", 
"14;0;56;1;0", "155;0;54;1;0", "15;0;35;1;0", "15;0;39;1;0", 
"15;0;46;1;0", "15;1;33;1;0", "15;1;48;1;0", "160;1;41;1;0", 
"165;0;45;1;0", "167;0;41;1;0", "170;0;55;1;0", "17;0;53;1;0", 
"197;0;53;1;0", "204;0;49;1;0", "207;0;50;1;0", "21;0;46;1;0", 
"22;0;48;1;0", "22;1;32;2;0", "23;0;51;1;0", "241;0;35;1;0", 
"259;0;52;1;0", "260;0;63;1;0", "27;0;37;2;0", "27;0;57;1;0", 
"27;1;46;1;0", "27;1;51;1;0", "29;0;52;2;0", "29;0;60;1;0", "2;1;43;1;0", 
"30;0;35;1;0", "30;0;35;2;0", "30;0;57;1;0", "32;0;63;1;0", "33;0;56;2;0", 
"34;0;41;1;0", "34;0;54;1;0", "34;1;44;1;0", "35;0;59;1;0", "35;0;62;1;0", 
"35;0;63;1;0", "35;1;36;1;0", "366;0;39;1;1", "36;0;53;1;0", 
"36;0;56;1;0", "36;0;62;1;0", "38;0;39;1;0", "38;0;42;1;0", "38;0;46;2;0", 
"38;0;59;1;0", "39;0;45;1;0", "39;0;48;1;1", "40;0;45;2;0", "42;0;38;1;0", 
"42;0;55;1;0", "43;1;31;1;0", "44;0;33;1;1", "45;0;44;1;0", "492;0;40;1;0", 
"4;1;58;1;0", "50;0;36;1;0", "50;0;57;1;0", "51;1;49;1;0", "52;0;54;1;0", 
"53;0;59;1;0", "56;1;34;1;0", "57;0;55;2;0", "58;0;48;1;0", "59;0;56;2;0", 
"5;0;37;1;0", "5;0;39;2;0", "5;1;35;1;0", "5;1;43;1;0", "60;0;63;1;0", 
"63;0;36;1;0", "64;0;36;1;0", "64;0;42;1;0", "64;0;45;1;0", "65;0;51;1;0", 
"66;0;45;1;0", "67;0;50;1;0", "71;0;53;1;0", "72;0;39;1;0", "74;0;40;1;0", 
"77;0;44;1;0", "78;0;53;1;0", "79;0;51;2;0", "83;1;63;1;1", "84;0;54;1;0", 
"84;1;57;2;0", "8;0;48;1;0", "8;1;47;1;0", "90;0;49;1;0", "91;0;51;1;0", 
"91;0;58;1;0", "91;1;46;1;0", "93;0;46;1;0", "94;1;54;1;0", "95;0;46;1;0", 
"95;0;48;1;0", "95;1;33;1;0", "97;0;44;2;0", "98;0;33;1;0", "98;0;34;1;0", 
"98;0;51;2;0", "99;0;43;1;0", "9;1;48;1;0"), class = "factor")), .Names = "t.SEVRE.AGE.SEXE.EDVNEG", class = "data.frame", row.names = c(NA, 
-125L))
alc2 <-
structure(list(t = c(121L, 121L, 40L, 39L, 66L, 64L, 5L, 30L, 
34L, 5L, 15L, 5L, 27L, 91L, 71L, 107L, 98L, 120L, 165L, 155L, 
98L, 160L, 95L, 15L, 170L, 97L, 64L, 125L, 91L, 39L, 15L, 21L, 
135L, 22L, 78L, 113L, 8L, 5L, 127L, 95L, 104L, 94L, 207L, 38L, 
34L, 44L, 98L, 79L, 35L, 45L, 93L, 38L, 29L, 33L, 84L, 136L, 
35L, 36L, 12L, 84L, 30L, 15L, 23L, 22L, 99L, 135L, 14L, 259L, 
131L, 123L, 13L, 53L, 34L, 60L, 36L, 15L, 32L, 27L, 27L, 56L, 
137L, 132L, 366L, 90L, 57L, 50L, 65L, 50L, 9L, 167L, 492L, 42L, 
4L, 11L, 95L, 38L, 35L, 91L, 74L, 2L, 241L, 72L, 8L, 77L, 27L, 
52L, 67L, 204L, 42L, 58L, 17L, 197L, 63L, 260L, 59L, 11L, 36L, 
29L, 51L, 38L, 30L, 35L, 83L, 64L, 43L), SEVRE = c(0L, 0L, 0L, 
0L, 0L, 0L, 1L, 0L, 0L, 0L, 0L, 1L, 1L, 0L, 0L, 0L, 0L, 0L, 0L, 
0L, 0L, 1L, 0L, 1L, 0L, 0L, 0L, 0L, 1L, 0L, 0L, 0L, 0L, 1L, 0L, 
1L, 1L, 0L, 0L, 1L, 1L, 1L, 0L, 0L, 1L, 0L, 0L, 0L, 0L, 0L, 0L, 
0L, 0L, 0L, 1L, 0L, 0L, 0L, 1L, 0L, 0L, 0L, 0L, 0L, 0L, 0L, 0L, 
0L, 0L, 0L, 1L, 0L, 0L, 0L, 0L, 1L, 0L, 0L, 1L, 1L, 0L, 0L, 0L, 
0L, 0L, 0L, 0L, 0L, 1L, 0L, 0L, 0L, 1L, 0L, 0L, 0L, 1L, 0L, 0L, 
1L, 0L, 0L, 0L, 0L, 0L, 0L, 0L, 0L, 0L, 0L, 0L, 0L, 0L, 0L, 0L, 
1L, 0L, 0L, 1L, 0L, 0L, 0L, 1L, 0L, 1L), AGE = c(53L, 52L, 45L, 
48L, 45L, 42L, 35L, 35L, 41L, 37L, 35L, 43L, 51L, 58L, 53L, 56L, 
51L, 40L, 45L, 54L, 34L, 41L, 48L, 33L, 55L, 44L, 36L, 51L, 46L, 
45L, 46L, 46L, 42L, 32L, 53L, 43L, 47L, 39L, 64L, 33L, 49L, 54L, 
50L, 59L, 44L, 33L, 33L, 51L, 59L, 44L, 46L, 39L, 52L, 56L, 57L, 
55L, 63L, 53L, 40L, 54L, 35L, 39L, 51L, 48L, 43L, 45L, 56L, 52L, 
51L, 60L, 42L, 59L, 54L, 63L, 56L, 48L, 63L, 57L, 46L, 34L, 38L, 
65L, 39L, 49L, 55L, 36L, 51L, 57L, 48L, 41L, 40L, 55L, 58L, 46L, 
46L, 46L, 36L, 51L, 40L, 43L, 35L, 39L, 48L, 44L, 37L, 54L, 50L, 
49L, 38L, 48L, 53L, 53L, 36L, 63L, 56L, 64L, 62L, 60L, 49L, 42L, 
57L, 62L, 63L, 45L, 31L), SEXE = c(1L, 2L, 2L, 1L, 1L, 1L, 1L, 
1L, 1L, 1L, 1L, 1L, 1L, 1L, 1L, 1L, 2L, 1L, 1L, 1L, 1L, 1L, 1L, 
1L, 1L, 2L, 1L, 1L, 1L, 1L, 1L, 1L, 1L, 2L, 1L, 1L, 1L, 2L, 1L, 
1L, 1L, 1L, 1L, 1L, 1L, 1L, 1L, 2L, 1L, 1L, 1L, 1L, 2L, 2L, 2L, 
2L, 1L, 1L, 2L, 1L, 2L, 1L, 1L, 1L, 1L, 1L, 1L, 1L, 1L, 1L, 1L, 
1L, 1L, 1L, 1L, 1L, 1L, 1L, 1L, 1L, 1L, 1L, 1L, 1L, 2L, 1L, 1L, 
1L, 1L, 1L, 1L, 1L, 1L, 2L, 1L, 2L, 1L, 1L, 1L, 1L, 1L, 1L, 1L, 
1L, 2L, 1L, 1L, 1L, 1L, 1L, 1L, 1L, 1L, 1L, 2L, 1L, 1L, 1L, 1L, 
1L, 1L, 1L, 1L, 1L, 1L), EDVNEG = c(0L, 0L, 0L, 1L, 0L, 0L, 0L, 
0L, 0L, 0L, 0L, 0L, 0L, 0L, 0L, 0L, 0L, 0L, 0L, 0L, 0L, 0L, 0L, 
0L, 0L, 0L, 0L, 0L, 0L, 0L, 0L, 0L, 0L, 0L, 0L, 0L, 0L, 0L, 0L, 
0L, 0L, 0L, 0L, 0L, 0L, 1L, 0L, 0L, 0L, 0L, 0L, 0L, 0L, 0L, 0L, 
0L, 0L, 0L, 0L, 0L, 0L, 0L, 0L, 0L, 0L, 0L, 0L, 0L, 1L, 0L, 0L, 
0L, 0L, 0L, 0L, 0L, 0L, 0L, 0L, 0L, 0L, 0L, 1L, 0L, 0L, 0L, 0L, 
0L, 0L, 0L, 0L, 0L, 0L, 0L, 0L, 0L, 0L, 0L, 0L, 0L, 0L, 0L, 0L, 
0L, 0L, 0L, 0L, 0L, 0L, 0L, 0L, 0L, 0L, 0L, 0L, 0L, 0L, 0L, 0L, 
0L, 0L, 0L, 1L, 0L, 0L)), .Names = c("t", "SEVRE", "AGE", "SEXE", 
"EDVNEG"), class = "data.frame", row.names = c(NA, -125L))
alc3 <-
structure(list(V1 = structure(c(126L, 8L, 7L, 71L, 70L, 98L, 
95L, 90L, 49L, 54L, 88L, 22L, 91L, 45L, 113L, 100L, 2L, 123L, 
6L, 28L, 21L, 122L, 27L, 118L, 25L, 30L, 120L, 94L, 10L, 114L, 
69L, 24L, 35L, 15L, 37L, 104L, 3L, 110L, 89L, 11L, 119L, 1L, 
116L, 34L, 68L, 56L, 75L, 121L, 105L, 57L, 76L, 115L, 65L, 46L, 
53L, 108L, 17L, 59L, 62L, 12L, 107L, 50L, 23L, 38L, 36L, 124L, 
16L, 20L, 40L, 13L, 9L, 19L, 83L, 55L, 92L, 63L, 26L, 52L, 43L, 
44L, 84L, 18L, 14L, 61L, 111L, 85L, 79L, 97L, 80L, 125L, 29L, 
77L, 73L, 78L, 4L, 117L, 67L, 60L, 112L, 102L, 48L, 39L, 101L, 
109L, 103L, 42L, 82L, 99L, 33L, 72L, 86L, 31L, 32L, 93L, 41L, 
87L, 5L, 64L, 47L, 81L, 66L, 51L, 58L, 106L, 96L, 74L),