alc4 <-
structure(list(t = c(121, 121, 40, 39, 66, 64, 5, 30, 34, 5, 
15, 5, 27, 91, 71, 107, 98, 120, 165, 155, 98, 160, 95, 15, 170, 
97, 64, 125, 91, 39, 15, 21, 135, 22, 78, 113, 8, 5, 127, 95, 
104, 94, 207, 38, 34, 44, 98, 79, 35, 45, 93, 38, 29, 33, 84, 
136, 35, 36, 12, 84, 30, 15, 23, 22, 99, 135, 14, 259, 131, 123, 
13, 53, 34, 60, 36, 15, 32, 27, 27, 56, 137, 132, 366, 90, 57, 
50, 65, 50, 9, 167, 492, 42, 4, 11, 95, 38, 35, 91, 74, 2, 241, 
72, 8, 77, 27, 52, 67, 204, 42, 58, 17, 197, 63, 260, 59, 11, 
36, 29, 51, 38, 30, 35, 83, 64, 43), SEVRE = structure(c(1L, 
1L, 1L, 1L, 1L, 1L, 2L, 1L, 1L, 1L, 1L, 2L, 2L, 1L, 1L, 1L, 1L, 
1L, 1L, 1L, 1L, 2L, 1L, 2L, 1L, 1L, 1L, 1L, 2L, 1L, 1L, 1L, 1L, 
2L, 1L, 2L, 2L, 1L, 1L, 2L, 2L, 2L, 1L, 1L, 2L, 1L, 1L, 1L, 1L, 
1L, 1L, 1L, 1L, 1L, 2L, 1L, 1L, 1L, 2L, 1L, 1L, 1L, 1L, 1L, 1L, 
1L, 1L, 1L, 1L, 1L, 2L, 1L, 1L, 1L, 1L, 2L, 1L, 1L, 2L, 2L, 1L, 
1L, 1L, 1L, 1L, 1L, 1L, 1L, 2L, 1L, 1L, 1L, 2L, 1L, 1L, 1L, 2L, 
1L, 1L, 2L, 1L, 1L, 1L, 1L, 1L, 1L, 1L, 1L, 1L, 1L, 1L, 1L, 1L, 
1L, 1L, 2L, 1L, 1L, 2L, 1L, 1L, 1L, 2L, 1L, 2L), .Label = c("0", 
"1"), class = "factor"), AGE = c(53, 52, 45, 48, 45, 42, 35, 
35, 41, 37, 35, 43, 51, 58, 53, 56, 51, 40, 45, 54, 34, 41, 48, 
33, 55, 44, 36, 51, 46, 45, 46, 46, 42, 32, 53, 43, 47, 39, 64, 
33, 49, 54, 50, 59, 44, 33, 33, 51, 59, 44, 46, 39, 52, 56, 57, 
55, 63, 53, 40, 54, 35, 39, 51, 48, 43, 45, 56, 52, 51, 60, 42, 
59, 54, 63, 56, 48, 63, 57, 46, 34, 38, 65, 39, 49, 55, 36, 51, 
57, 48, 41, 40, 55, 58, 46, 46, 46, 36, 51, 40, 43, 35, 39, 48, 
44, 37, 54, 50, 49, 38, 48, 53, 53, 36, 63, 56, 64, 62, 60, 49, 
42, 57, 62, 63, 45, 31), SEXE = structure(c(1L, 2L, 2L, 1L, 1L, 
1L, 1L, 1L, 1L, 1L, 1L, 1L, 1L, 1L, 1L, 1L, 2L, 1L, 1L, 1L, 1L, 
1L, 1L, 1L, 1L, 2L, 1L, 1L, 1L, 1L, 1L, 1L, 1L, 2L, 1L, 1L, 1L, 
2L, 1L, 1L, 1L, 1L, 1L, 1L, 1L, 1L, 1L, 2L, 1L, 1L, 1L, 1L, 2L, 
2L, 2L, 2L, 1L, 1L, 2L, 1L, 2L, 1L, 1L, 1L, 1L, 1L, 1L, 1L, 1L, 
1L, 1L, 1L, 1L, 1L, 1L, 1L, 1L, 1L, 1L, 1L, 1L, 1L, 1L, 1L, 2L, 
1L, 1L, 1L, 1L, 1L, 1L, 1L, 1L, 2L, 1L, 2L, 1L, 1L, 1L, 1L, 1L, 
1L, 1L, 1L, 2L, 1L, 1L, 1L, 1L, 1L, 1L, 1L, 1L, 1L, 2L, 1L, 1L, 
1L, 1L, 1L, 1L, 1L, 1L, 1L, 1L), .Label = c("1", "2"), class = "factor"), 
    EDVNEG = structure(c(1L, 1L, 1L, 2L, 1L, 1L, 1L, 1L, 1L, 
    1L, 1L, 1L, 1L, 1L, 1L, 1L, 1L, 1L, 1L, 1L, 1L, 1L, 1L, 1L, 
    1L, 1L, 1L, 1L, 1L, 1L, 1L, 1L, 1L, 1L, 1L, 1L, 1L, 1L, 1L, 
    1L, 1L, 1L, 1L, 1L, 1L, 2L, 1L, 1L, 1L, 1L, 1L, 1L, 1L, 1L, 
    1L, 1L, 1L, 1L, 1L, 1L, 1L, 1L, 1L, 1L, 1L, 1L, 1L, 1L, 2L, 
    1L, 1L, 1L, 1L, 1L, 1L, 1L, 1L, 1L, 1L, 1L, 1L, 1L, 2L, 1L, 
    1L, 1L, 1L, 1L, 1L, 1L, 1L, 1L, 1L, 1L, 1L, 1L, 1L, 1L, 1L, 
    1L, 1L, 1L, 1L, 1L, 1L, 1L, 1L, 1L, 1L, 1L, 1L, 1L, 1L, 1L, 
    1L, 1L, 1L, 1L, 1L, 1L, 1L, 1L, 2L, 1L, 1L), .Label = c("0", 
    "1"), class = "factor")), .Names = c("t", "SEVRE", "AGE", 
"SEXE", "EDVNEG"), class = "data.frame", row.names = c(NA, -125L
))
y <-
structure(list(a = 1, b = structure(1L, .Label = "a", class = "factor")), .Names = c("a", 
"b"), row.names = c(NA, -1L), class = "data.frame")
